1,6850,5.1221816328864795
1,9684,5.0743342117267645
1,9616,5.0415381450173244
1,5493,4.958182244992847
1,6567,4.9545505590030245
1,7732,4.9007710344056745
1,8564,4.621473761788893
1,8419,4.594986639461236
1,7735,4.5668037000813575
1,7730,4.551890802572304
1,9069,4.49580860246044
1,9090,4.482931111392095
1,7745,4.47741590865914
1,9652,4.347751188621491
1,8871,4.339835533283944
1,9574,4.326770083174253
1,6602,4.246978866451322
1,7553,4.241098377055151
1,6473,4.23144224014751
1,9281,4.216045970100645
1,7771,4.208948857449924
1,8270,4.208948857449924
1,5660,4.170103279434233
1,8375,4.170103279434233
1,5014,4.15886346868411
1,9955,4.153751084116129
1,7925,4.135107895392596
1,5495,4.115273647930477
1,7872,4.115273647930477
1,8860,4.115273647930477
1,6927,4.106924956012718
1,7980,4.098730519898493
1,5019,4.0984056066311325
1,6291,4.0984056066311325
1,6470,4.090920705405799
1,6182,4.039910338163737
1,9891,4.038398060913388
1,7822,4.0174169554661505
1,8050,4.0174169554661505
1,7844,4.002071261876218
1,10034,4.002071261876218
1,6171,4.001064760148046
1,6848,3.979577879178631
1,9198,3.979577879178631
1,8446,3.9645570988560603
1,6685,3.9632256838605278
1,8179,3.9632256838605278
1,8547,3.943575993408823
1,7428,3.9147828521819896
1,7820,3.9147828521819896
1,8170,3.9147828521819896
1,5687,3.9057369171213034
1,7183,3.9057369171213034
1,9595,3.9057369171213034
1,9241,3.8903406470744386
1,6122,3.883243534423717
1,6904,3.883243534423717
1,7449,3.883243534423717
1,7821,3.883243534423717
1,7909,3.883243534423717
1,9805,3.883243534423717
1,5169,3.8775539777414254
1,5936,3.8775539777414254
1,6128,3.8775539777414254
1,6381,3.8775539777414254
1,7598,3.8775539777414254
1,8201,3.8775539777414254
1,8350,3.8775539777414254
1,8922,3.8775539777414254
1,9446,3.8775539777414254
1,9961,3.8775539777414254
1,5690,3.869359541627201
1,6484,3.8668913391056137
1,6907,3.8668913391056137
1,9247,3.8668913391056137
1,9371,3.8668913391056137
1,9487,3.8668913391056137
1,9860,3.8668913391056137
1,5316,3.8483784361799627
1,5825,3.8483784361799627
1,7146,3.8483784361799627
1,7733,3.8483784361799627
1,6675,3.8315204653396826
1,7811,3.8315204653396826
1,6964,3.810539359892444
1,7151,3.810539359892444
1,9584,3.810539359892444
1,9591,3.810539359892444
1,7367,3.8094025723663894
1,7580,3.8094025723663894
1,8741,3.8094025723663894
1,6308,3.7727002836049257
1,6601,3.7727002836049257
1,9076,3.7727002836049257
1,9403,3.7727002836049257
1,9532,3.7727002836049257
1,9896,3.7727002836049257
1,5506,3.7652153823795924
1,5608,3.7652153823795924
1,5799,3.7652153823795924
1,6263,3.7652153823795924
1,6696,3.7652153823795924
1,7723,3.7652153823795924
1,8418,3.7652153823795924
1,9478,3.7351861205847676
1,9665,3.7351861205847676
1,6050,3.7307481431695133
1,7433,3.7307481431695133
1,8434,3.7307481431695133
1,9435,3.7307481431695133
1,6262,3.71420501513753
1,6311,3.71420501513753
1,6342,3.71420501513753
1,7216,3.71420501513753
1,7879,3.71420501513753
1,7883,3.71420501513753
1,8013,3.71420501513753
1,8041,3.71420501513753
1,8243,3.71420501513753
1,8294,3.71420501513753
1,8370,3.71420501513753
1,6006,3.6763659388500116
1,5266,3.6538725561524243
1,5350,3.6538725561524243
1,5360,3.6538725561524243
1,5486,3.6538725561524243
1,5494,3.6538725561524243
1,5698,3.6538725561524243
1,5776,3.6538725561524243
1,6032,3.6538725561524243
1,6126,3.6538725561524243
1,6158,3.6538725561524243
1,6300,3.6538725561524243
1,6309,3.6538725561524243
1,6471,3.6538725561524243
1,6849,3.6538725561524243
1,6915,3.6538725561524243
1,7106,3.6538725561524243
1,7542,3.6538725561524243
1,7734,3.6538725561524243
1,7892,3.6538725561524243
1,7965,3.6538725561524243
1,8015,3.6538725561524243
1,8322,3.6538725561524243
1,8407,3.6538725561524243
1,8698,3.6538725561524243
1,9192,3.6538725561524243
1,5023,3.637520360834321
1,5311,3.637520360834321
1,5368,3.637520360834321
2,5715,4.5809579455527185
2,9677,4.5119180498374245
2,6327,4.491271722635485
2,9081,4.073055295586904
2,6079,3.9813091100608053
2,5653,3.902480513649356
2,7553,3.886678972562855
2,7599,3.7968400555405744
2,7179,3.7808309061882976
2,6217,3.7426782536627856
2,6668,3.7272124598111223
2,9099,3.6910739645708333
2,9943,3.6726418520543227
2,8959,3.659569411611977
2,7854,3.6466604959451594
2,6292,3.643353202483355
2,9628,3.641162971338878
2,5766,3.634980889726532
2,6970,3.6319497805744563
2,5638,3.622213722359149
2,9113,3.5958259923444453
2,7323,3.5928346843489143
2,5746,3.556535594043293
2,6536,3.55417159718031
2,8300,3.5353335438173246
2,5639,3.5317650037237627
2,9091,3.52715034274941
2,7755,3.5173222390372016
2,9092,3.507819767201612
2,8554,3.503467594477499
2,7350,3.4992588449021986
2,6364,3.496689436204394
2,6474,3.4951909820778386
2,5122,3.473864088099573
2,5121,3.471332097756628
2,9544,3.460557984252671
2,5496,3.4504572128352997
2,8972,3.4504572128352997
2,7529,3.4504460025937047
2,8186,3.447075056326415
2,6382,3.4390979072335375
2,9261,3.408810126266813
2,6917,3.4056477561571237
2,8572,3.4056477561571237
2,7748,3.401569507479726
2,8455,3.401569507479726
2,6289,3.3960719828734445
2,6290,3.3960719828734445
2,5863,3.3936556186357096
2,6291,3.3936556186357096
2,7919,3.3886697775383636
2,8377,3.3886697775383636
2,9444,3.3886697775383636
2,5377,3.3863171806093257
2,7009,3.3863171806093257
2,5009,3.385001428955184
2,6469,3.376217241179045
2,5884,3.3696101468081547
2,6498,3.3696101468081547
2,8339,3.364123399384403
2,7117,3.361594553690911
2,7758,3.3523615015072865
2,7956,3.3523615015072865
2,7756,3.352350291265692
2,7824,3.3511413777845522
2,9104,3.3511413777845522
2,7949,3.3498295111643417
2,6932,3.344616575072151
2,7823,3.3345732992600103
2,6906,3.321849818083103
2,7644,3.321296423308791
2,10016,3.3107144149387997
2,9542,3.3070881753183397
2,5497,3.305142784281932
2,7759,3.305142784281932
2,6755,3.3041123927149947
2,8732,3.3041123927149947
2,6919,3.30261393858844
2,9391,3.30261393858844
2,9871,3.3019333718121127
2,8115,3.2998363462896574
2,7746,3.2866740152583294
2,5865,3.28563595996968
2,6496,3.285221724393666
2,5378,3.28006692088744
2,6212,3.28006692088744
2,6556,3.28006692088744
2,5176,3.274415324633179
2,5362,3.274415324633179
2,6197,3.274415324633179
2,6287,3.274415324633179
2,7448,3.274415324633179
2,7514,3.274415324633179
2,8410,3.274415324633179
2,5123,3.2660276880563908
2,6468,3.2660276880563908
2,7118,3.2660276880563908
2,9969,3.2660276880563908
2,5000,3.263498842362898
2,9569,3.2494082165944835
2,5889,3.2481075602158684
2,6378,3.2481075602158684
2,6299,3.2465208637441383
2,6714,3.2465208637441383
2,6635,3.2429481430923657
2,8338,3.242620812792117
2,5375,3.2370596353803505
2,7349,3.2370596353803505
2,7145,3.2330379358178822
2,9742,3.2330379358178822
2,5299,3.215599558361217
2,5817,3.215599558361217
2,5993,3.215599558361217
2,6778,3.215599558361217
2,9558,3.215599558361217
2,5515,3.213070712667724
2,8662,3.213070712667724
2,9262,3.2089924639903264
2,6104,3.207772340267592
2,6558,3.207772340267592
2,7114,3.207772340267592
2,7760,3.207772340267592
2,5313,3.205355014128271
2,5268,3.1997938367165046
2,6286,3.1997938367165046
2,5068,3.1960927340489644
2,6645,3.1960927340489644
2,9547,3.1892118283465134
2,8346,3.1871260130656536
2,5328,3.1841101639986813
2,5376,3.1836401976896456
2,5792,3.1836401976896456
2,6780,3.1836401976896456
2,8177,3.1836401976896456
2,5010,3.1834997734451926
2,5505,3.1637191378013796
2,5561,3.1637191378013796
2,6296,3.1637191378013796
2,7639,3.1637191378013796
2,7939,3.1637191378013796
2,5562,3.1585643342951526
2,7228,3.1560721451087526
2,5769,3.153986329827892
2,8480,3.146610916744965
2,5546,3.1463743990257997
2,6873,3.1463743990257997
2,7198,3.1463743990257997
2,6459,3.1445251014641045
2,6918,3.1445251014641045
2,7732,3.1445251014641045
3,8918,3.34507118399407
3,8137,3.2971216667544945
3,5289,3.056648989416246
3,7414,3.0358986324018042
3,9563,2.951897718519646
3,6261,2.925550172376072
3,6787,2.925550172376072
3,5105,2.882532037859381
3,8436,2.882532037859381
3,6165,2.790494572340671
3,7186,2.790494572340671
3,7709,2.790494572340671
3,7827,2.758726378216384
3,6675,2.7407726703135356
3,5508,2.706823042277568
3,5879,2.706823042277568
3,9444,2.700301447679095
3,6289,2.689031313737064
3,9710,2.689031313737064
3,5883,2.6647846756410756
3,9746,2.6647846756410756
3,6836,2.651686124033272
3,9742,2.6378386871590864
3,10019,2.6378386871590864
3,5783,2.6231515122144646
3,9739,2.6231515122144646
3,6531,2.616377620783806
3,6849,2.616377620783806
3,7564,2.616377620783806
3,7643,2.616377620783806
3,8433,2.616377620783806
3,8839,2.616377620783806
3,10017,2.6075161396180824
3,5118,2.590801637438936
3,5865,2.590801637438936
3,5882,2.590801637438936
3,8414,2.590801637438936
3,6209,2.5728479295360884
3,8315,2.5728479295360884
3,8988,2.5534564477351447
3,7009,2.5388983015001205
3,8173,2.5388983015001205
3,8790,2.5388983015001205
3,9205,2.5388983015001205
3,9870,2.5388983015001205
3,5268,2.5323767069016485
3,6286,2.5323767069016485
3,6288,2.5323767069016485
3,8318,2.5323767069016485
3,9523,2.5323767069016485
3,6054,2.5092864633199548
3,7046,2.5092864633199548
3,7229,2.5092864633199548
3,7620,2.5092864633199548
3,5117,2.4837613832558247
3,5249,2.4837613832558247
3,5269,2.4837613832558247
3,6292,2.4837613832558247
3,6334,2.4837613832558247
3,6382,2.4837613832558247
3,7435,2.4837613832558247
3,8298,2.4837613832558247
3,8300,2.4837613832558247
3,8562,2.4837613832558247
3,9278,2.4837613832558247
3,9743,2.4837613832558247
3,9744,2.4837613832558247
3,5393,2.455226771437017
3,6213,2.455226771437017
3,6294,2.455226771437017
3,7222,2.455226771437017
3,8065,2.455226771437017
3,8312,2.455226771437017
3,8438,2.455226771437017
3,8820,2.455226771437017
3,10034,2.455226771437017
3,5089,2.422876896661489
3,5612,2.422876896661489
3,5878,2.422876896661489
3,5880,2.422876896661489
3,6575,2.422876896661489
3,7225,2.422876896661489
3,7453,2.422876896661489
3,8303,2.422876896661489
3,8416,2.422876896661489
3,8794,2.422876896661489
3,8824,2.422876896661489
3,8867,2.422876896661489
3,9435,2.422876896661489
3,9838,2.422876896661489
3,9863,2.422876896661489
3,10018,2.422876896661489
3,5030,2.385531706957697
3,5101,2.385531706957697
3,5102,2.385531706957697
3,5212,2.385531706957697
3,5336,2.385531706957697
3,5652,2.385531706957697
3,5746,2.385531706957697
3,5781,2.385531706957697
3,5805,2.385531706957697
3,5877,2.385531706957697
3,6210,2.385531706957697
3,6219,2.385531706957697
3,6287,2.385531706957697
3,6385,2.385531706957697
3,6396,2.385531706957697
3,6723,2.385531706957697
3,6873,2.385531706957697
3,6915,2.385531706957697
3,7035,2.385531706957697
3,7150,2.385531706957697
3,7335,2.385531706957697
3,7347,2.385531706957697
3,7487,2.385531706957697
3,7517,2.385531706957697
3,7518,2.385531706957697
3,7538,2.385531706957697
3,7791,2.385531706957697
3,7821,2.385531706957697
3,7939,2.385531706957697
3,8308,2.385531706957697
3,8847,2.385531706957697
3,8959,2.385531706957697
3,9436,2.385531706957697
3,9532,2.385531706957697
3,9543,2.385531706957697
3,9551,2.385531706957697
3,9677,2.385531706957697
3,9745,2.385531706957697
3,5093,2.370973560722673
3,5121,2.370973560722673
3,5292,2.370973560722673
3,5498,2.370973560722673
3,5515,2.370973560722673
3,5884,2.370973560722673
3,5948,2.370973560722673
3,5993,2.370973560722673
3,7479,2.370973560722673
3,7503,2.370973560722673
3,7725,2.370973560722673
3,7759,2.370973560722673
3,7823,2.370973560722673
3,8320,2.370973560722673
3,8326,2.370973560722673
3,8327,2.370973560722673
3,8338,2.370973560722673
3,8572,2.370973560722673
3,8605,2.370973560722673
3,8639,2.370973560722673
4,9444,8.414335181764105
4,9745,4.503354005106808
4,9445,4.237199588031233
4,8032,4.069274847253785
4,10029,4.069274847253785
4,7827,4.064077747663007
4,6675,4.046124039760159
4,6289,3.9943826831836877
4,9710,3.9943826831836877
4,5883,3.970136045087699
4,9746,3.970136045087699
4,6836,3.9570374934798958
4,9742,3.9431900566057103
4,10019,3.9431900566057103
4,5783,3.928502881661088
4,9739,3.928502881661088
4,10017,3.9128675090647063
4,5118,3.89615300688556
4,5865,3.89615300688556
4,5882,3.89615300688556
4,8414,3.89615300688556
4,6209,3.878199298982712
4,8315,3.878199298982712
4,8988,3.858807817181768
4,5268,3.837728076348272
4,6286,3.837728076348272
4,6288,3.837728076348272
4,8318,3.837728076348272
4,9523,3.837728076348272
4,9563,3.837728076348272
4,6054,3.8146378327665786
4,7046,3.8146378327665786
4,7229,3.8146378327665786
4,7620,3.8146378327665786
4,5117,3.789112752702448
4,5249,3.789112752702448
4,5269,3.789112752702448
4,6292,3.789112752702448
4,6334,3.789112752702448
4,6382,3.789112752702448
4,7435,3.789112752702448
4,8298,3.789112752702448
4,8300,3.789112752702448
4,8562,3.789112752702448
4,9278,3.789112752702448
4,9743,3.789112752702448
4,9744,3.789112752702448
4,5393,3.7605781408836405
4,6213,3.7605781408836405
4,6294,3.7605781408836405
4,7222,3.7605781408836405
4,8065,3.7605781408836405
4,8312,3.7605781408836405
4,8438,3.7605781408836405
4,8820,3.7605781408836405
4,10034,3.7605781408836405
4,5089,3.728228266108113
4,5612,3.728228266108113
4,5878,3.728228266108113
4,5880,3.728228266108113
4,6575,3.728228266108113
4,7225,3.728228266108113
4,7453,3.728228266108113
4,8303,3.728228266108113
4,8416,3.728228266108113
4,8794,3.728228266108113
4,8824,3.728228266108113
4,8867,3.728228266108113
4,9435,3.728228266108113
4,9838,3.728228266108113
4,9863,3.728228266108113
4,10018,3.728228266108113
4,5030,3.6908830764043206
4,5101,3.6908830764043206
4,5102,3.6908830764043206
4,5212,3.6908830764043206
4,5336,3.6908830764043206
4,5652,3.6908830764043206
4,5746,3.6908830764043206
4,5781,3.6908830764043206
4,5805,3.6908830764043206
4,5877,3.6908830764043206
4,6210,3.6908830764043206
4,6219,3.6908830764043206
4,6287,3.6908830764043206
4,6385,3.6908830764043206
4,6396,3.6908830764043206
4,6723,3.6908830764043206
4,6873,3.6908830764043206
4,6915,3.6908830764043206
4,7035,3.6908830764043206
4,7150,3.6908830764043206
4,7335,3.6908830764043206
4,7347,3.6908830764043206
4,7487,3.6908830764043206
4,7517,3.6908830764043206
4,7518,3.6908830764043206
4,7538,3.6908830764043206
4,7791,3.6908830764043206
4,7821,3.6908830764043206
4,7939,3.6908830764043206
4,8308,3.6908830764043206
4,8847,3.6908830764043206
4,8959,3.6908830764043206
4,9436,3.6908830764043206
4,9532,3.6908830764043206
4,9543,3.6908830764043206
4,9551,3.6908830764043206
4,9677,3.6908830764043206
4,5068,3.646713091989131
4,5104,3.646713091989131
4,5108,3.646713091989131
4,5111,3.646713091989131
4,5112,3.646713091989131
4,5116,3.646713091989131
4,5211,3.646713091989131
4,5489,3.646713091989131
4,5777,3.646713091989131
4,5778,3.646713091989131
4,5972,3.646713091989131
4,6273,3.646713091989131
4,6599,3.646713091989131
4,6638,3.646713091989131
4,6668,3.646713091989131
4,6714,3.646713091989131
4,6838,3.646713091989131
4,6913,3.646713091989131
4,7077,3.646713091989131
4,7179,3.646713091989131
4,7221,3.646713091989131
4,7289,3.646713091989131
4,7349,3.646713091989131
4,7495,3.646713091989131
4,7579,3.646713091989131
4,7583,3.646713091989131
4,8211,3.646713091989131
4,8257,3.646713091989131
4,8304,3.646713091989131
4,8305,3.646713091989131
4,8306,3.646713091989131
4,8427,3.646713091989131
4,8446,3.646713091989131
4,8453,3.646713091989131
4,8519,3.646713091989131
4,8619,3.646713091989131
4,8784,3.646713091989131
4,8798,3.646713091989131
4,8817,3.646713091989131
4,8859,3.646713091989131
4,8911,3.646713091989131
5,8939,8.270015479220564
5,8778,8.035464047707723
5,5070,6.847210508224336
5,6078,6.623741333514559
5,7469,6.485683452153911
5,9686,6.44240419715552
5,6422,6.432378584053524
5,8855,6.432378584053524
5,8809,6.418138602885916
5,8817,6.30851932879226
5,8808,6.22943847930051
5,6437,6.176564134375564
5,8365,6.176564134375564
5,9229,6.176564134375564
5,9879,6.176564134375564
5,7123,6.120947047772997
5,7784,6.100667415227411
5,6548,6.0552859674854265
5,6759,6.0552859674854265
5,8248,6.0552859674854265
5,9057,6.0552859674854265
5,6485,6.038075729839475
5,7207,6.038075729839475
5,8810,6.038075729839475
5,6443,5.964591748236708
5,9294,5.964591748236708
5,6692,5.940123838624158
5,6360,5.925530321887695
5,6140,5.912064647717376
5,7873,5.912064647717376
5,8139,5.912064647717376
5,5362,5.906853487351846
5,7713,5.890317259311338
5,7289,5.8525143326504665
5,7788,5.8525143326504665
5,10032,5.8525143326504665
5,8211,5.818576801865076
5,5878,5.805111127694756
5,9116,5.805111127694756
5,5393,5.797234213258189
5,8824,5.797234213258189
5,9722,5.797234213258189
5,5205,5.783768539087869
5,7046,5.783768539087869
5,9743,5.783768539087869
5,9860,5.783768539087869
5,8434,5.768365082815757
5,9512,5.7548994086454375
5,7725,5.733725850176958
5,8452,5.733725850176958
5,5267,5.715490737890811
5,6271,5.715490737890811
5,6296,5.715490737890811
5,6746,5.715490737890811
5,8646,5.715490737890811
5,8794,5.715490737890811
5,9846,5.715490737890811
5,5246,5.715060214715372
5,5168,5.702459523004293
5,5596,5.702459523004293
5,5732,5.702459523004293
5,6272,5.702459523004293
5,6667,5.702459523004293
5,7335,5.702459523004293
5,8076,5.702459523004293
5,8303,5.702459523004293
5,8448,5.702459523004293
5,8449,5.702459523004293
5,8790,5.702459523004293
5,9042,5.702459523004293
5,9081,5.702459523004293
5,6669,5.701594540545052
5,7179,5.701594540545052
5,7917,5.701594540545052
5,8222,5.701594540545052
5,8774,5.701594540545052
5,8592,5.631004520845812
5,9054,5.631004520845812
5,9180,5.631004520845812
5,9822,5.631004520845812
5,5496,5.62987667827967
5,6966,5.62987667827967
5,9153,5.62987667827967
5,10029,5.62987667827967
5,5315,5.60294532993903
5,5588,5.60294532993903
5,5646,5.60294532993903
5,5770,5.60294532993903
5,5781,5.60294532993903
5,6216,5.60294532993903
5,6273,5.60294532993903
5,6886,5.60294532993903
5,7093,5.60294532993903
5,7214,5.60294532993903
5,7922,5.60294532993903
5,8567,5.60294532993903
5,8822,5.60294532993903
5,8959,5.60294532993903
5,9944,5.60294532993903
5,5571,5.49599180991641
5,5829,5.49599180991641
5,5954,5.49599180991641
5,6634,5.49599180991641
5,6802,5.49599180991641
5,6836,5.49599180991641
5,6988,5.49599180991641
5,7526,5.49599180991641
5,7845,5.49599180991641
5,8178,5.49599180991641
5,8302,5.49599180991641
5,8323,5.49599180991641
5,8377,5.49599180991641
5,8556,5.49599180991641
5,8820,5.49599180991641
5,9166,5.49599180991641
5,9683,5.49599180991641
5,5361,5.474649221309523
5,5476,5.474649221309523
5,5489,5.474649221309523
5,5979,5.474649221309523
5,6194,5.474649221309523
5,6217,5.474649221309523
5,6442,5.474649221309523
5,6614,5.474649221309523
5,6738,5.474649221309523
5,6884,5.474649221309523
5,6887,5.474649221309523
5,6892,5.474649221309523
5,7482,5.474649221309523
5,7563,5.474649221309523
5,7609,5.474649221309523
5,7694,5.474649221309523
5,8315,5.474649221309523
5,8414,5.474649221309523
5,8453,5.474649221309523
5,8596,5.474649221309523
5,8818,5.474649221309523
5,8821,5.474649221309523
5,8911,5.474649221309523
5,8922,5.474649221309523
5,8926,5.474649221309523
5,8944,5.474649221309523
5,9038,5.474649221309523
5,9093,5.474649221309523
5,9138,5.474649221309523
5,5280,5.445780090867091
5,5975,5.445780090867091
5,6222,5.445780090867091
5,6448,5.445780090867091
5,6621,5.445780090867091
6,6382,5.306278075748068
6,7047,4.939631593071912
6,5305,4.888368067323787
6,6736,4.888368067323787
6,7424,4.888368067323787
6,7487,4.7660901571919325
6,8433,4.7660901571919325
6,5950,4.691087607184683
6,6866,4.691087607184683
6,7224,4.691087607184683
6,7737,4.691087607184683
6,8593,4.691087607184683
6,8844,4.691087607184683
6,5606,4.602378418901104
6,5727,4.602378418901104
6,8241,4.602378418901104
6,8470,4.602378418901104
6,8956,4.602378418901104
6,9339,4.602378418901104
6,6353,4.4938071470455805
6,6605,4.4938071470455805
6,6689,4.4938071470455805
6,6761,4.4938071470455805
6,7229,4.4938071470455805
6,9260,4.4938071470455805
6,9537,4.4938071470455805
6,9870,4.4938071470455805
6,5036,4.353834433013876
6,5094,4.353834433013876
6,5326,4.353834433013876
6,5620,4.353834433013876
6,5712,4.353834433013876
6,5829,4.353834433013876
6,6181,4.353834433013876
6,6839,4.353834433013876
6,7055,4.353834433013876
6,7063,4.353834433013876
6,7108,4.353834433013876
6,7425,4.353834433013876
6,7527,4.353834433013876
6,7592,4.353834433013876
6,8057,4.353834433013876
6,8116,4.353834433013876
6,8211,4.353834433013876
6,9111,4.353834433013876
6,9634,4.353834433013876
6,5185,4.156553972874773
6,5219,4.156553972874773
6,5490,4.156553972874773
6,5609,4.156553972874773
6,5716,4.156553972874773
6,5766,4.156553972874773
6,5865,4.156553972874773
6,5874,4.156553972874773
6,5877,4.156553972874773
6,5928,4.156553972874773
6,5954,4.156553972874773
6,5989,4.156553972874773
6,6285,4.156553972874773
6,6387,4.156553972874773
6,6435,4.156553972874773
6,6459,4.156553972874773
6,6634,4.156553972874773
6,6688,4.156553972874773
6,6774,4.156553972874773
6,6837,4.156553972874773
6,6907,4.156553972874773
6,6910,4.156553972874773
6,7061,4.156553972874773
6,7223,4.156553972874773
6,7605,4.156553972874773
6,7670,4.156553972874773
6,7784,4.156553972874773
6,7872,4.156553972874773
6,7877,4.156553972874773
6,8018,4.156553972874773
6,8024,4.156553972874773
6,8072,4.156553972874773
6,8117,4.156553972874773
6,8258,4.156553972874773
6,8260,4.156553972874773
6,8317,4.156553972874773
6,8789,4.156553972874773
6,8889,4.156553972874773
6,8955,4.156553972874773
6,9042,4.156553972874773
6,9057,4.156553972874773
6,9058,4.156553972874773
6,9077,4.156553972874773
6,9113,4.156553972874773
6,9143,4.156553972874773
6,9526,4.156553972874773
6,9989,4.156553972874773
6,5000,3.8193007987039653
6,5001,3.8193007987039653
6,5002,3.8193007987039653
6,5003,3.8193007987039653
6,5004,3.8193007987039653
6,5005,3.8193007987039653
6,5006,3.8193007987039653
6,5007,3.8193007987039653
6,5008,3.8193007987039653
6,5009,3.8193007987039653
6,5010,3.8193007987039653
6,5011,3.8193007987039653
6,5012,3.8193007987039653
6,5013,3.8193007987039653
6,5014,3.8193007987039653
6,5015,3.8193007987039653
6,5016,3.8193007987039653
6,5017,3.8193007987039653
6,5018,3.8193007987039653
6,5019,3.8193007987039653
6,5020,3.8193007987039653
6,5021,3.8193007987039653
6,5022,3.8193007987039653
6,5023,3.8193007987039653
6,5024,3.8193007987039653
6,5025,3.8193007987039653
6,5026,3.8193007987039653
6,5027,3.8193007987039653
6,5028,3.8193007987039653
6,5029,3.8193007987039653
6,5030,3.8193007987039653
6,5031,3.8193007987039653
6,5032,3.8193007987039653
6,5033,3.8193007987039653
6,5034,3.8193007987039653
6,5035,3.8193007987039653
6,5037,3.8193007987039653
6,5038,3.8193007987039653
6,5039,3.8193007987039653
6,5040,3.8193007987039653
6,5041,3.8193007987039653
6,5042,3.8193007987039653
6,5043,3.8193007987039653
6,5044,3.8193007987039653
6,5045,3.8193007987039653
6,5046,3.8193007987039653
6,5047,3.8193007987039653
6,5048,3.8193007987039653
6,5049,3.8193007987039653
6,5050,3.8193007987039653
6,5051,3.8193007987039653
6,5052,3.8193007987039653
6,5053,3.8193007987039653
6,5054,3.8193007987039653
6,5055,3.8193007987039653
6,5056,3.8193007987039653
6,5057,3.8193007987039653
7,8091,9.080702056071674
7,5378,8.996989458004624
7,8971,8.93808455961016
7,8573,8.89103934202305
7,9391,8.700793321337871
7,9662,8.401195954499865
7,7746,8.342699285292554
7,5000,8.311106763231104
7,7726,8.146596392191654
7,5995,8.022185382248438
7,9150,8.022185382248438
7,6474,7.863400519373146
7,5101,7.792200058667645
7,7748,7.75144451906686
7,9677,7.751393578198896
7,8340,7.744426778474352
7,7603,7.6767099845173306
7,5562,7.563104280673223
7,9741,7.540097843135508
7,6780,7.508785243739883
7,5157,7.486799279750323
7,7939,7.474395014925826
7,8177,7.455067013618436
7,5123,7.4207717985971
7,6378,7.4090592573009255
7,9871,7.384503554040438
7,5889,7.351609635367212
7,8972,7.332166967378321
7,7349,7.320786467107739
7,6919,7.3160054516442745
7,6668,7.308375053949648
7,5299,7.28714227284099
7,7553,7.28714227284099
7,7011,7.2656902197839655
7,7669,7.236599109853349
7,9543,7.221493676535131
7,6491,7.197031710745481
7,5653,7.189847999540488
7,7825,7.184792580283712
7,6778,7.176667153997256
7,8824,7.155187753454862
7,5269,7.1398923362268
7,9263,7.1192175320635425
7,6104,7.118130035754743
7,9099,7.116341296401346
7,5715,7.11094632454975
7,6289,7.099372406380691
7,5638,7.098802034447354
7,5793,7.097765479006518
7,7777,7.070669953228516
7,5393,7.05390810247428
7,7117,7.0498510345687
7,8662,7.0498510345687
7,9661,7.045428892344401
7,7599,7.04162418567633
7,9547,7.041251260070431
7,8454,7.040315857072804
7,9100,7.040315857072804
7,6297,7.019900359456616
7,6672,7.01640808480627
7,9549,7.005733170047794
7,9082,6.996043528058045
7,5884,6.995344656196129
7,8308,6.98421303799496
7,6385,6.964085012382443
7,7887,6.943707279738072
7,7583,6.94004305357977
7,8082,6.939701591818278
7,9262,6.939529309121958
7,5766,6.938593906124331
7,9553,6.938593906124331
7,9555,6.938593906124331
7,5375,6.930877293669907
7,6468,6.930877293669907
7,7854,6.918465880511816
7,5009,6.895806011196401
7,8300,6.894102475899451
7,9743,6.894102475899451
7,6182,6.885983361696832
7,6911,6.885983361696832
7,9540,6.877216679563282
7,6364,6.872103644291684
7,7598,6.872103644291684
7,7931,6.872103644291684
7,9550,6.872103644291684
7,8820,6.865567864080643
7,6421,6.856750064543081
7,6443,6.856750064543081
7,5639,6.853998517985593
7,8480,6.853998517985593
7,6296,6.851975618679169
7,9688,6.851688146675495
7,7827,6.847097706710264
7,6327,6.841299632823829
7,7009,6.841299632823829
7,7225,6.833217989305116
7,6675,6.8291439988074165
7,7179,6.818193077018781
7,5122,6.816743929563342
7,5496,6.816743929563342
7,7758,6.816743929563342
7,7956,6.816743929563342
7,9081,6.816743929563342
7,8893,6.816288297217513
7,5505,6.796160271604998
7,5561,6.796160271604998
7,8346,6.796160271604998
7,8847,6.795872799601324
7,6886,6.795224868607371
7,7756,6.795224868607371
7,9896,6.795224868607371
7,8065,6.788689088396331
7,9444,6.788672776172976
7,6291,6.787414518682109
7,6440,6.787414518682109
7,9710,6.777402642230945
7,9969,6.776832270297607
7,8452,6.775508242853099
7,5121,6.775096842994855
7,6970,6.775096842994855
7,7323,6.775096842994855
7,7755,6.775096842994855
7,7949,6.775096842994855
7,9113,6.775096842994855
7,9261,6.775096842994855
7,10016,6.775096842994855
7,5571,6.764133385135843
7,5883,6.753156004134955
7,9746,6.753156004134955
7,8817,6.7517028151861345
7,5796,6.7502536677306955
7,5797,6.7502536677306955
7,8876,6.7502536677306955
7,9276,6.7502536677306955
7,6836,6.740057452527153
7,5515,6.727881270418953
7,6181,6.727881270418953
7,6536,6.727881270418953
7,6917,6.727881270418953
7,7823,6.727881270418953
7,8572,6.727881270418953
7,9091,6.727881270418953
7,9742,6.726210015652968
7,10019,6.726210015652968
7,7347,6.71899402391701
7,8925,6.718058620919385
7,5783,6.711522840708345
7,9739,6.711522840708345
7,7757,6.697930595306869
7,8173,6.697930595306869
8,6850,5.122181632886479
8,9684,5.0743342117267645
8,9616,5.041538145017324
8,5493,4.958182244992847
8,6567,4.9545505590030245
8,7732,4.900771034405674
8,8564,4.621473761788893
8,8419,4.594986639461236
8,7735,4.5668037000813575
8,7730,4.551890802572305
8,9069,4.49580860246044
8,9090,4.482931111392096
8,7745,4.477415908659139
8,9652,4.3477511886214915
8,8871,4.339835533283944
8,9574,4.326770083174253
8,6602,4.246978866451322
8,7553,4.241098377055151
8,6473,4.23144224014751
8,9281,4.216045970100645
8,7771,4.208948857449924
8,8270,4.208948857449924
8,5660,4.170103279434233
8,8375,4.170103279434233
8,5014,4.15886346868411
8,9955,4.15375108411613
8,7925,4.135107895392596
8,5495,4.115273647930477
8,7872,4.115273647930477
8,8860,4.115273647930477
8,6927,4.106924956012717
8,7980,4.098730519898493
8,5019,4.0984056066311325
8,6291,4.0984056066311325
8,6470,4.090920705405799
8,6182,4.039910338163737
8,9891,4.038398060913388
8,7822,4.01741695546615
8,8050,4.01741695546615
8,7844,4.002071261876218
8,10034,4.002071261876218
8,6171,4.001064760148046
8,6848,3.979577879178631
8,9198,3.979577879178631
8,8446,3.9645570988560603
8,6685,3.9632256838605273
8,8179,3.9632256838605273
8,8547,3.9435759934088224
8,7428,3.9147828521819896
8,7820,3.9147828521819896
8,8170,3.9147828521819896
8,5687,3.9057369171213034
8,7183,3.9057369171213034
8,9595,3.9057369171213034
8,9241,3.890340647074438
8,6122,3.883243534423717
8,6904,3.883243534423717
8,7449,3.883243534423717
8,7821,3.883243534423717
8,7909,3.883243534423717
8,9805,3.883243534423717
8,5169,3.877553977741425
8,5936,3.877553977741425
8,6128,3.877553977741425
8,6381,3.877553977741425
8,7598,3.877553977741425
8,8201,3.877553977741425
8,8350,3.877553977741425
8,8922,3.877553977741425
8,9446,3.877553977741425
8,9961,3.877553977741425
8,5690,3.869359541627201
8,6484,3.866891339105613
8,6907,3.866891339105613
8,9247,3.866891339105613
8,9371,3.866891339105613
8,9487,3.866891339105613
8,9860,3.866891339105613
8,5316,3.8483784361799627
8,5825,3.8483784361799627
8,7146,3.8483784361799627
8,7733,3.8483784361799627
8,6675,3.831520465339682
8,7811,3.831520465339682
8,6964,3.810539359892444
8,7151,3.810539359892444
8,9584,3.810539359892444
8,9591,3.810539359892444
8,7367,3.8094025723663894
8,7580,3.8094025723663894
8,8741,3.8094025723663894
8,6308,3.7727002836049257
8,6601,3.7727002836049257
8,9076,3.7727002836049257
8,9403,3.7727002836049257
8,9532,3.7727002836049257
8,9896,3.7727002836049257
8,5506,3.7652153823795924
8,5608,3.7652153823795924
8,5799,3.7652153823795924
8,6263,3.7652153823795924
8,6696,3.7652153823795924
8,7723,3.7652153823795924
8,8418,3.7652153823795924
8,9478,3.7351861205847676
8,9665,3.7351861205847676
8,6050,3.7307481431695133
8,7433,3.7307481431695133
8,8434,3.7307481431695133
8,9435,3.7307481431695133
8,6262,3.71420501513753
8,6311,3.71420501513753
8,6342,3.71420501513753
8,7216,3.71420501513753
8,7879,3.71420501513753
8,7883,3.71420501513753
8,8013,3.71420501513753
8,8041,3.71420501513753
8,8243,3.71420501513753
8,8294,3.71420501513753
8,8370,3.71420501513753
8,6006,3.6763659388500116
8,5266,3.6538725561524243
8,5350,3.6538725561524243
8,5360,3.6538725561524243
8,5486,3.6538725561524243
8,5494,3.6538725561524243
8,5698,3.6538725561524243
8,5776,3.6538725561524243
8,6032,3.6538725561524243
8,6126,3.6538725561524243
8,6158,3.6538725561524243
8,6300,3.6538725561524243
8,6309,3.6538725561524243
8,6471,3.6538725561524243
8,6849,3.6538725561524243
8,6915,3.6538725561524243
8,7106,3.6538725561524243
8,7542,3.6538725561524243
8,7734,3.6538725561524243
8,7892,3.6538725561524243
8,7965,3.6538725561524243
8,8015,3.6538725561524243
8,8322,3.6538725561524243
8,8407,3.6538725561524243
8,8698,3.6538725561524243
8,9192,3.6538725561524243
8,5023,3.6375203608343205
8,5311,3.6375203608343205
8,5368,3.6375203608343205
9,6925,10.619988322903865
9,7123,8.733781174758953
9,9104,8.390107484637092
9,5995,8.385766902764558
9,7758,8.282706860928357
9,8446,8.23256102032187
9,6496,8.214672667592284
9,8344,8.198255513287245
9,8925,8.103856764623153
9,9435,8.052458510315223
9,8245,8.039498654476334
9,5516,8.028498208341379
9,6263,7.997471346175411
9,7686,7.987719480917297
9,8989,7.980605557686785
9,6948,7.971901346511728
9,7598,7.901407858694437
9,8604,7.896542790229954
9,6930,7.874097039896996
9,5644,7.873937458112816
9,9647,7.867234018806776
9,8323,7.8464206945546255
9,8340,7.843280617446217
9,8186,7.833369170403923
9,9072,7.792998062804784
9,7121,7.784454310595831
9,8326,7.753637888145052
9,6602,7.753427448429862
9,7687,7.752103172227642
9,7579,7.739912176764835
9,6780,7.689002548343882
9,6149,7.688934801887282
9,7129,7.686239403400769
9,5999,7.683525754650374
9,8667,7.683525754650374
9,8082,7.678279331863278
9,9633,7.678068892148088
9,9567,7.661203103659464
9,5562,7.647939701486595
9,8099,7.634391610537152
9,9564,7.634391610537152
9,7359,7.633526758317093
9,6440,7.633193219259855
9,9599,7.603181562354882
9,7690,7.599019379372197
9,7603,7.571770814073488
9,7599,7.571560374358299
9,9922,7.571349934643109
9,8184,7.5525132822413585
9,5138,7.532056941016458
9,7688,7.532056941016458
9,5642,7.527018240527303
9,5000,7.517227622723359
9,9772,7.517227622723359
9,7016,7.506857288100528
9,6395,7.501237801148431
9,6467,7.501237801148431
9,8857,7.501237801148431
9,5564,7.495991378361335
9,5796,7.4791255898727105
9,7605,7.471780951265522
9,8957,7.471780951265522
9,8307,7.462326591323247
9,8308,7.462326591323247
9,5993,7.4513261451882915
9,5805,7.431288292103565
9,6683,7.431288292103565
9,5222,7.425879244866657
9,5561,7.425879244866657
9,6215,7.420632822079561
9,7551,7.420632822079561
9,5464,7.420299283022324
9,5854,7.420299283022324
9,6863,7.420299283022324
9,7857,7.420299283022324
9,7671,7.374612997878824
9,8002,7.366176971102572
9,5793,7.364045272684282
9,8573,7.354827403166916
9,5968,7.354616963451727
9,7704,7.354616963451727
9,6915,7.3451511664557385
9,7170,7.3451511664557385
9,5505,7.34494072674055
9,9589,7.324779774313775
9,5492,7.324569334598586
9,5603,7.324569334598586
9,6383,7.324569334598586
9,6926,7.324569334598586
9,8305,7.324569334598586
9,8346,7.324569334598586
9,8554,7.319370727076866
9,6115,7.314124304289771
9,7946,7.314124304289771
9,8458,7.314124304289771
9,7448,7.297258515801145
9,6455,7.296765394959729
9,6123,7.269248631401538
9,6647,7.269248631401538
9,7353,7.269248631401538
9,7354,7.269248631401538
9,7652,7.269248631401538
9,8347,7.269248631401538
9,8987,7.269248631401538
9,9616,7.269248631401538
9,6114,7.266231653635177
9,6423,7.249210778316812
9,9154,7.249210778316812
9,7610,7.238642648665948
9,5370,7.238432208950759
9,7825,7.223751242898756
9,7533,7.207615786499981
9,8185,7.207615786499981
9,8440,7.207615786499981
9,6563,7.2074053467847925
9,6881,7.2074053467847925
9,6953,7.2074053467847925
9,7428,7.2074053467847925
9,7623,7.2074053467847925
9,7791,7.2074053467847925
9,8425,7.2074053467847925
9,8515,7.2074053467847925
9,8876,7.2074053467847925
9,9092,7.2074053467847925
9,9515,7.2074053467847925
9,9813,7.2074053467847925
9,9275,7.203566311830941
9,6378,7.1908730973534025
9,7689,7.168112353158142
9,9016,7.168112353158142
9,9066,7.168112353158142
9,5565,7.163073652668984
9,7415,7.163073652668984
9,7961,7.15328303486504
9,9243,7.145714743338942
9,9666,7.145714743338942
9,7847,7.142702260527022
9,8377,7.142702260527022
9,9525,7.142702260527022
9,5031,7.137293213290113
9,5567,7.137293213290113
9,5866,7.137293213290113
9,6108,7.137293213290113
9,6381,7.137293213290113
9,6410,7.137293213290113
9,6676,7.137293213290113
9,7433,7.137293213290113
9,8301,7.137293213290113
9,8577,7.137293213290113
9,8578,7.137293213290113
10,5610,10.661457185720561
10,7346,10.090476018814604
10,5053,9.926834916959688
10,6387,9.801771575389315
10,6039,9.608766339803033
10,7306,9.356814654733082
10,6892,8.85896394990089
10,6533,8.74441862895882
10,8628,8.550355867830495
10,5716,8.418447407155362
10,7499,8.418447407155362
10,7181,8.343189031222751
10,6049,8.310691797160331
10,5175,8.259994756360303
10,8127,8.259994756360303
10,6632,8.201120757426532
10,6375,8.166991469679798
10,8839,8.166991469679798
10,7079,7.939833304601338
10,9615,7.939833304601338
10,6247,7.763372180322906
10,6993,7.71689005916075
10,8362,7.669140764847604
10,8520,7.619671852842374
10,9334,7.619671852842374
10,5730,7.489802319996123
10,6825,7.489802319996123
10,6828,7.392513687763914
10,8044,7.392513687763914
10,8535,7.392513687763914
10,5129,7.3638624263667705
10,8652,7.3638624263667705
10,8866,7.35696450821127
10,7289,7.302316148019941
10,5811,7.266749604285508
10,6115,7.266749604285508
10,6930,7.266749604285508
10,9133,7.266749604285508
10,6327,7.255816662675996
10,8256,7.255816662675996
10,8566,7.255816662675996
10,9284,7.246884489580555
10,7518,7.2269895911279045
10,6846,7.220091672972405
10,9260,7.220091672972405
10,5606,7.181913405936067
10,7335,7.181913405936067
10,7347,7.181913405936067
10,7732,7.181913405936067
10,8344,7.181913405936067
10,8825,7.181913405936067
10,5928,7.129876769046643
10,6683,7.129876769046643
10,6785,7.129876769046643
10,7366,7.129876769046643
10,7736,7.129876769046643
10,7858,7.129876769046643
10,8577,7.129876769046643
10,8621,7.129876769046643
10,9275,7.129876769046643
10,9567,7.129876769046643
10,5245,7.072352236004949
10,7180,7.072352236004949
10,9040,7.072352236004949
10,9053,7.072352236004949
10,9184,7.072352236004949
10,9464,7.072352236004949
10,9894,7.072352236004949
10,9938,7.072352236004949
10,9939,7.072352236004949
10,5417,7.068330490699814
10,5505,7.068330490699814
10,5566,7.068330490699814
10,5571,7.068330490699814
10,5813,7.068330490699814
10,6602,7.068330490699814
10,6649,7.068330490699814
10,6894,7.068330490699814
10,7364,7.068330490699814
10,7834,7.068330490699814
10,8165,7.068330490699814
10,8303,7.068330490699814
10,8349,7.068330490699814
10,8969,7.068330490699814
10,9019,7.068330490699814
10,9720,7.068330490699814
10,9774,7.068330490699814
10,5558,6.993003933807778
10,5572,6.993003933807778
10,5899,6.993003933807778
10,6325,6.993003933807778
10,6536,6.993003933807778
10,6638,6.993003933807778
10,6926,6.993003933807778
10,7063,6.993003933807778
10,7129,6.993003933807778
10,7542,6.993003933807778
10,7553,6.993003933807778
10,8025,6.993003933807778
10,8137,6.993003933807778
10,8188,6.993003933807778
10,8199,6.993003933807778
10,8273,6.993003933807778
10,8438,6.993003933807778
10,8571,6.993003933807778
10,8591,6.993003933807778
10,8596,6.993003933807778
10,8690,6.993003933807778
10,8972,6.993003933807778
10,9025,6.993003933807778
10,9287,6.993003933807778
10,9461,6.993003933807778
10,9581,6.993003933807778
10,9598,6.993003933807778
10,9681,6.993003933807778
10,9951,6.993003933807778
10,10026,6.993003933807778
10,5445,6.986106015652278
10,6446,6.986106015652278
10,6529,6.986106015652278
10,6608,6.986106015652278
10,7051,6.986106015652278
10,7433,6.986106015652278
10,7479,6.986106015652278
10,7808,6.986106015652278
10,8829,6.986106015652278
10,8850,6.986106015652278
10,9239,6.986106015652278
10,9427,6.986106015652278
10,9518,6.986106015652278
10,5063,6.895891111726516
10,5089,6.895891111726516
10,5228,6.895891111726516
10,5330,6.895891111726516
10,5413,6.895891111726516
10,5522,6.895891111726516
10,5602,6.895891111726516
10,5729,6.895891111726516
10,5764,6.895891111726516
10,5787,6.895891111726516
10,5914,6.895891111726516
10,5973,6.895891111726516
10,6084,6.895891111726516
10,6101,6.895891111726516
10,6114,6.895891111726516
10,6209,6.895891111726516
10,6555,6.895891111726516
10,6562,6.895891111726516
10,6574,6.895891111726516
10,6601,6.895891111726516
